"Artist";"Album";"Song";"Year";"Label";"start";"end";"itunes";"deezer";"spotify"
"Wild Sugar";"Messin' Around / Bring It Here";"Bring It Here";"1981";"ESSENTIAL MEDIA GROUP LLC";1740650238;1740650599;"https://music.apple.com/fr/album/bring-it-here/1515810830?i=1515811094&uo=4";"https://www.deezer.com/track/974093322";"https://open.spotify.com/track/626anaUUIqsEIjtO6p6iaE"
"Jay Richford";"Feelings";"Flying high";"1975";"BEWITH";1740650414;1740650631;;;
"Strongboi";"Cold";"Cold";"2022";"AUTOPRODUCTION";1740650626;1740650895;"https://music.apple.com/fr/album/cold/1666873378?i=1666873383&uo=4";"https://www.deezer.com/track/2117115517";"https://open.spotify.com/track/367rg4DJZsp7GCTrDpDVT6"
"Clairo";"Sexy to someone";"Sexy to someone";"2024";"CLAIRO RECORDS";1740650892;1740651099;"https://music.apple.com/fr/album/sexy-to-someone/1742301413?i=1742301417&uo=4";"https://www.deezer.com/track/2759116881";"https://open.spotify.com/track/3awweDjWIuXNMogMClJnvE"
"Elis Regina";"Vibrations: Le son du Brésil";"Aguas de Março";"1974";"PHILIPS";1740651097;1740651307;;"https://www.deezer.com/track/565340102";"https://open.spotify.com/track/15ouqiBsgL12olEwP3COsH"
"Lalo Schifrin";"Piano, strings and bossa nova";"The wave";"2002";"MGM RECORDS";1740651306;1740651465;;"https://www.deezer.com/track/65733643";
"Mac Demarco";"This old dog";"For the first time";"2017";"CAPTURED TRACKS";1740651463;1740651642;"https://music.apple.com/fr/album/for-the-first-time/1198763583?i=1198763621&uo=4";"https://www.deezer.com/track/347015791";"https://open.spotify.com/track/2R4AlwtrrkMaRKojcTIzmL"
"Leif Vollebekk";"North Americana";"Off the main drag";"2013";"OUTSIDE MUSIC";1740651639;1740651862;"https://music.apple.com/fr/album/off-the-main-drag/1205700899?i=1205700953&uo=4";"https://www.deezer.com/track/139517293";"https://open.spotify.com/track/5oXFHPqlx2GRfErR1xqoY5"
"Velours Velours";"Quand je pleure, je suis content";"Je sais";"2025";"BONBOBBON";1740651860;1740652123;"https://music.apple.com/fr/album/je-sais/1781713697?i=1781714154&uo=4";"https://www.deezer.com/track/3111311271";"https://open.spotify.com/track/5GWr9bo48859nnxMDR4Y46"
"Damaa.Beats";"City bloom";"Blossom";"2020";"HIP DOZER";1740652120;1740652263;"https://music.apple.com/fr/album/blossom/1508086206?i=1508086223&uo=4";"https://www.deezer.com/track/929556802";"https://open.spotify.com/track/74ETaw7v75DA01eFLZpH5l"
"Doechii";"Alligator bites never heal";"Denial is a river";"2024";"TOP DAWG ENTERTAINMENT";1740652261;1740652420;"https://music.apple.com/fr/album/denial-is-a-river/1763934442?i=1763934447&uo=4";"https://www.deezer.com/track/2959869831";"https://open.spotify.com/track/1eTaznNW4Xxtx9za2SMTXB"
"Lauryn Hill";"The miseducation";"Ex-factor";"1998";"RUFFHOUSE/COLUMBIA";1740652419;1740652742;"https://music.apple.com/fr/album/ex-factor/1276760743?i=1276760746&uo=4";;
"Chaka Khan";"Chaka";"I was made to love him";"1978";"WARNER BRO";1740652741;1740652943;"https://music.apple.com/fr/album/i-was-made-to-love-him/281615441?i=281615490&uo=4";"https://www.deezer.com/track/4091358";"https://open.spotify.com/track/0hlp160SnsYmXQyPn7vOEa"
"Bo/Le Prisonnier";"Bof / Le prisonnier";"Turkish bath";"";"PLAYTIME RECORDS";1740652940;1740653091;;;
"Dalida";"Les 101 plus belles chansons";"Hava naguila";"1959";"BARCLAY";1740653090;1740653227;"https://music.apple.com/fr/album/hava-naguila/1453107611?i=1453108985&uo=4";"https://www.deezer.com/track/71560667";"https://open.spotify.com/track/5AOtbxgCACkkexiqYD3lXt"
"The Cure";"Three imaginary boys";"Grinding halt";"1979";"FICT";1740653226;1740653396;"https://music.apple.com/fr/album/grinding-halt/1444133380?i=1444134458&uo=4";"https://www.deezer.com/track/2521892";"https://open.spotify.com/track/4wJGF0EeEgwX8mBJcbwESi"
"The Dandy Warhols";"Welcome to the monkey house";"You were the last high";"2003";"CAPITOL";1740653395;1740653680;;;
"The XX";"BOF / The great Gatsby";"The great Gatsby : Beautiful shirts and Dan Cody (feat. The Bryan Ferry Orchestra and The XX)";"2013";"INTERSCOPE RECORDS";1740653678;1740653879;;;
"Laura Lee";"Theme time radio hour with your host Bob Dylan / Season 2";"Separation line";"1969";"ACE RECORDS";1740653877;1740654113;;;
"Kay Starr";"Bob Dylan - Radio Radio";"Wheel of fortune";"1952";"MISCHIEF MUSIC";1740654113;1740654296;;"https://www.deezer.com/track/846492142";
"Bob Dylan";"Highway 61 revisited";"Like a rolling stone";"1965";"CBS";1740654295;1740654663;"https://music.apple.com/fr/album/like-a-rolling-stone/263688383?i=263688619&uo=4";"https://www.deezer.com/track/14477354";"https://open.spotify.com/track/3AhXZa8sUQht0UEdBJgpGc"
"Todd Rubenstein";"String quartet tribute To Bob Dylan";"Knockin' on heaven's door";"2003";"VITAMIN";1740654661;1740654836;;;
"Coline Rio";"Lourd et délicat";"Au royaume de tes mots";"2022";"BARONESA";1740654834;1740655004;"https://music.apple.com/fr/album/au-royaume-de-tes-mots/1626092536?i=1626092554&uo=4";"https://www.deezer.com/track/1766292537";"https://open.spotify.com/track/4HL0P1iOuZRcAot0pa0zbE"
"Maria Bethania";"A tua presenca";"A tua presença morena";"1971";"UMSM";1740655002;1740655127;"https://music.apple.com/fr/album/a-tua-presen%C3%A7a-morena/1443838104?i=1443838311&uo=4";"https://www.deezer.com/track/4685329";"https://open.spotify.com/track/1NjJ6MR034ZY2PWeN5kRtX"
"Sparklehorse";"It's a wonderful life";"Gold day";"2001";"CAPITOL";1740655126;1740655379;"https://music.apple.com/fr/album/gold-day/1461512623?i=1461512629&uo=4";"https://www.deezer.com/track/675358612";"https://open.spotify.com/track/7yZF4VuAjjcXjcMbqwZtQc"
"Sugar Billy";"Mainstream funk";"Super duper love";"1975";"WEWANTSOUNDS";1740655378;1740655570;;"https://www.deezer.com/track/1570933602";
"Henry Mancini";"Martinis with Mancini";"Playboy's theme";"1960";"RCA/BMG";1740655569;1740655744;"https://music.apple.com/fr/album/playboys-theme/303148407?i=303148411&uo=4";"https://www.deezer.com/track/97610688";
"Peggy Lee";"La belle et le clochard";"The Siamese Cat Song";"1955";"WALT DISNEY RECORDS";1740655743;1740655857;"https://music.apple.com/fr/album/the-siamese-cat-song/724690807?i=724691185&uo=4";"https://www.deezer.com/track/66634656";
"Elton John";"Honky chateau";"Honky cat";"1972";"DJM";1740655857;1740656169;"https://music.apple.com/fr/album/honky-cat/1440910513?i=1440910661&uo=4";"https://www.deezer.com/track/1144859";"https://open.spotify.com/track/1plcM0XlbKdjND7Ufokuzb"
"Widowspeak";"All yours";"My Baby's Gonna Carry On";"2015";"CAPTURED TRACKS";1740656168;1740656447;"https://music.apple.com/fr/album/my-babys-gonna-carry-on/1002467483?i=1002468486&uo=4";"https://www.deezer.com/track/105269160";"https://open.spotify.com/track/4EZvLOgvmQCIA1CIZZBKWP"
"Hermanos Gutierrez";"Sonido Cosmico";"Cumbia lunar";"2024";"EASY EYE SOUND";1740656443;1740656598;;"https://www.deezer.com/track/2836204682";"https://open.spotify.com/track/3Izder8QdHbcnlG2LCLdsg"
"Espen Horne";"The anatomy of serene eloquence";"Bergen sunrays (feat. Selim Mutic)";"2023";"WAH WAH 45S";1740656595;1740656794;"https://music.apple.com/fr/album/bergen-sunrays-feat-selim-mutic/1696618647?i=1696618648&uo=4";;
"Flavien Berger";"Leviathan";"Gravité";"2015";"PAN EUROPEAN RECORDING";1740656793;1740656989;"https://music.apple.com/fr/album/gravit%C3%A9/1559232219?i=1559233103&uo=4";"https://www.deezer.com/track/1280571582";"https://open.spotify.com/track/0FxbFtp4n9eKgW1JD7zGpt"
"Eddie Chacon";"Laylow";"Birds";"2025";"STONES THROW RECORDS";1740656986;1740657173;;;
"JB Dunckel";"Carbon";"Cristal mind";"2022";"PROTOTYP RECORDING";1740657168;1740657438;;"https://www.deezer.com/track/1721090807";"https://open.spotify.com/track/0TYqsNkTiS6C3rZi09j1qm"
"Jim James";"Regions of light and sound of god";"State of the art (A.E.I.O.U.)";"2013";"ANTONE'S RECORDS";1740657436;1740657751;;"https://www.deezer.com/track/72011240";"https://open.spotify.com/track/7vTZDxi1XZoTzOzVfToLdM"
"Milt Hinton";"Basses loaded / East coast jazz/5";"Moon over Miami";"2021";"FRESH SOUND";1740657747;1740657922;;"https://www.deezer.com/track/1232765392";"https://open.spotify.com/track/3ST5vVNYNmeN0MVLAZ7ZVh"
"Bastien Lallemant";"Danser les filles";"Ami ami";"2019";"ZAMORA";1740657921;1740658155;"https://music.apple.com/fr/album/ami-ami/1458092667?i=1458093500&uo=4";"https://www.deezer.com/track/656935312";"https://open.spotify.com/track/3JSI9tPLikV4LWzS8V9W1U"
"Theo Lawrence & The Hearts";"Sticky Icky";"Sticky icky";"2016";"HOLD ON MUSIC";1740658153;1740658330;"https://music.apple.com/fr/album/sticky-icky/1438453086?i=1438453087&uo=4";"https://www.deezer.com/track/375323521";
"Senor Coconut";"Fiesta songs";"Smoke on the water";"2003";"NAIVE";1740658329;1740658615;;"https://www.deezer.com/track/640601592";"https://open.spotify.com/track/0EU266VogjEqFVadz4XF8l"
"Koumbit";"Cadence revolution : Disques Debs International vol. 2";"Lage yo";"1982";"STRUT";1740658613;1740658831;;"https://www.deezer.com/track/821474752";
"Oscar Aleman";"Guitarra del mundo";"Tico tico no fuba";"2008";"RECORDS RECORDS";1740658824;1740658993;;"https://www.deezer.com/track/130054840";"https://open.spotify.com/track/0ZMrVPWBC2S9gR5s9SQOIA"
"Malecon Social Club";"Como me gusta";"Tic tac";"2006";"HMUNDI";1740658991;1740659200;;;
"Ray Charles";"Atlantic rock & roll series / CD 4";"Don't you know";"1954";"ATLANTIC RECORDING";1740659197;1740659369;"https://music.apple.com/fr/album/dont-you-know/883012735?i=883012748&uo=4";"https://www.deezer.com/track/670893";
"The Como Mamas";"Move upstairs";"Move upstairs";"2017";"DAPTONE RECORDS";1740659364;1740659573;;"https://www.deezer.com/track/779499062";"https://open.spotify.com/track/4wxn5xK5kAKjKxtneb4nt0"
"Annie & The Caldwells";"Wrong";"Wrong (feat. Deborah Caldwell Moore)";"2025";"LUAKA BOP";1740659570;1740659713;;;
"Trampled By Turtles";"Blue sky and the devil";"Codeine";"2005";"BANJODAD RECORDS";1740659711;1740659899;"https://music.apple.com/fr/album/codeine/572535733?i=572535753&uo=4";"https://www.deezer.com/track/74528327";"https://open.spotify.com/track/7z6pDIQFv510mRKfyEjHR1"
"Andrew Bird";"Fingerlings 4";"Danse carribe";"2013";"WEGAWAM MUSIC";1740659896;1740660108;;"https://www.deezer.com/track/69018608";
"La Bolduc";"Chansons comiques / 1929 - 1939";"Si les saucisses pouvaient parler";"1932";"FREMEAUX ET ASSOCIES";1740660106;1740660252;;"https://www.deezer.com/track/13524066";
"Captain Beefheart & The Magic Band";"Shiny beast (bat chain puller)";"Tropical hot dog night";"1979";"VIRGIN";1740660252;1740660539;;;
"The Butterfly Ball";"The butterfly ball";"Love is all (feat. Ronnie James Dio)";"1974";"LINE";1740660537;1740660731;;;
"Romain Leleu";"Romain Leleu interprète des concertos pour trompette";"Concerto en Mi bémol Maj : Vivace";"2011";"APARTE";1740660723;1740660973;;;
"Maribou State";"Hallucinating love";"Peace talk (feat. Holly Walker)";"2025";"NINJA TUNE";1740660971;1740661181;;;
"Kate Bush";"Aerial";"Pi (A Sea Of Honey)";"2005";"EMI";1740661181;1740661549;;;
"Sirens Of Lesbos";"Easy";"Easy";"2023";"AUTOPRODUCTION";1740661545;1740661751;;"https://www.deezer.com/track/2006975187";"https://open.spotify.com/track/4GUAwJwnrO6oJteEi98OjT"
"Poom";"2016";"Qui es-tu ?";"2016";"GRAND MUSIQUE";1740661746;1740661987;;;"https://open.spotify.com/track/5l2iRtaKPazsXIhxgrrFMD"
"The Winston Brothers";"Drift";"Metering";"2022";"COLEMINE RECORDS";1740661985;1740662176;"https://music.apple.com/fr/album/metering/1640052920?i=1640053132&uo=4";"https://www.deezer.com/track/1868892457";"https://open.spotify.com/track/0CTSJP8pIouKGj8iUHUQeG"
"The Bongo Hop";"La pata coja";"Magica bonita";"2024";"UNDERDOG RECORDS";1740662175;1740662471;;"https://www.deezer.com/track/2914895341";"https://open.spotify.com/track/0vNSp9Yv3g8ucQnWlSb3kp"
"Sarah Vaughan";"Sarah Vaughan with Clifford Brown";"Lullaby of birdland";"1954";"EMARCY";1740662470;1740662709;"https://music.apple.com/fr/album/lullaby-of-birdland/917259980?i=917260368&uo=4";"https://www.deezer.com/track/40816421";"https://open.spotify.com/track/5z161QQZMgQxSILnv3QoJk"
"Jacqueline Francois";"Les Lavandières du Portugal / Vol 5";"La légende du pays aux oiseaux 'Lola'";"1955";"MARIANNE MELODIE";1740662708;1740662849;;;
"Off Swing Quintet & Samy Daussat";"Carmen café";"Mario et son herbier";"2022";"LABEL OUEST";1740662847;1740663032;;;
"Leo Sidran";"Mucho leo";"Take it all";"2015";"BONSAI MUSIC";1740663031;1740663231;;"https://www.deezer.com/track/102058487";"https://open.spotify.com/track/4GqX5J7WOROG8hsvJpvTUR"
"Papooz";"Resonate";"Don't you think it'd be nice ?";"2024";"HALF AWAKE";1740663227;1740663415;;;"https://open.spotify.com/track/4oqeWlr8SGNM8QMrFeYUDc"
"Charley Crockett";"10$ cowboy";"Spade";"2024";"SON OF DAVY";1740663408;1740663556;"https://music.apple.com/fr/album/spade/1725239048?i=1725239386&uo=4";"https://www.deezer.com/track/2761839671";"https://open.spotify.com/track/1Gk3yprNIzkG8gQH8VIgVk"
"Horsegirl";"Phonetics on and on";"In twos";"2025";"MATADOR";1740663551;1740663826;"https://music.apple.com/fr/album/in-twos/1775962947?i=1775962985&uo=4";"https://www.deezer.com/track/3199344071";"https://open.spotify.com/track/5XiQhjQXoCUHrj9u8ri1vf"
"Cold Diamond & Mink";"From us to you... with love";"I just can't stop (instrumental)";"2021";"TIMMION RECORDS";1740663825;1740664035;;"https://www.deezer.com/track/2643618982";
"Yma Sumac";"Carnival / Spicy flavors & exotic";"Bo mambo";"1954";"CAPITOL";1740664029;1740664227;"https://music.apple.com/fr/album/bo-mambo/723756908?i=723757241&uo=4";;"https://open.spotify.com/track/52sZC3oj58feJhqtQEuLqv"
"Leonard Bernstein (Compositeur, Chef d'orchestre)";"Bernstein conducts Bernstein";"West side story : Gee, Officer Krupke !";"1985";"DGG (DEUTSCHE GRAMMOPHON)";1740664226;1740664485;;;
"Zara McFarlane";"If you knew her (cd promo)";"Police & thieves";"2013";"BROWNSWOOD RECORDINGS";1740664481;1740664823;"https://music.apple.com/fr/album/police-thieves/1561792816?i=1561792824&uo=4";"https://www.deezer.com/track/1303858292";"https://open.spotify.com/track/509AflemoYgmILkkLcaz25"
"Kamasi Washington";"Harmony of difference";"Desire";"2017";"YOUNG TURKS RECORDINGS";1740664822;1740665099;"https://music.apple.com/fr/album/desire/1263764280?i=1263764308&uo=4";"https://www.deezer.com/track/407500202";"https://open.spotify.com/track/4rIFTfdZCRMoTFCp1P6Zoa"
"Angel Bat Dawid";"The oracle";"What shall I tell my children who are black (Dr. Margaret Burroughs)";"2019";"INTERGALACTIC MANTRA";1740664822;1740665021;"https://music.apple.com/fr/album/what-shall-i-tell-my-children-who-are-black-dr-margaret/1464500581?i=1464500586&uo=4";"https://www.deezer.com/track/682441092";"https://open.spotify.com/track/4QWdGQ58QzKlVkpMICLb1i"
"Lonnie Liston Smith";"Jazz is dead volume 17 : Lonnie Liston Smith";"A new spring (feat Loren Oden)";"2023";"JAZZ IS DEAD";1740665094;1740665283;;;
"Adrien Soleiman";"BelleJazzClub";"When the magic happens";"2025";"NAIVE";1740665280;1740665539;;;
"Meshell Ndegeocello";"Peace beyond passion";"Leviticus : faggot";"1996";"WEA";1740665538;1740665903;;;
"The Headhunters";"The godfathers of acid jazz";"God make me funky";"1975";"BMG";1740665895;1740666201;"https://music.apple.com/fr/album/god-make-me-funky/250108971?i=250108975&uo=4";"https://www.deezer.com/track/550800";"https://open.spotify.com/track/1Hd1LiHrVX7lWEXiZZQZgY"
"Banda Black Rio";"The best of";"Mr funky samba";"1977";"UNIVERSAL SOUND";1740666199;1740666415;"https://music.apple.com/fr/album/mr-funky-samba/77830761?i=77830525&uo=4";;
"Tim Maia";"Tim Maia";"Nao vou ficar";"1971";"OFICIAL ARQUIVOS";1740666413;1740666586;"https://music.apple.com/fr/album/n%C3%A3o-vou-ficar/1424731168?i=1424731500&uo=4";"https://www.deezer.com/track/543139512";"https://open.spotify.com/track/1hMZDDqL6ThRyJQ5rsLiB5"
"Sinclair";"Que justice soit faite !";"Voir ailleurs";"1993";"VIRGIN";1740666584;1740666919;"https://music.apple.com/fr/album/voir-ailleurs/1462433650?i=1462433874&uo=4";"https://www.deezer.com/track/674642122";
"Dewolff";"Muscle shoals";"In love";"2024";"MASCOT RECORDS ,";1740666917;1740667108;"https://music.apple.com/fr/album/in-love/1764995086?i=1764995087&uo=4";"https://www.deezer.com/track/2960120661";"https://open.spotify.com/track/6AbxsLMPmtY3cJ17ia58Hk"
"Delvon Lamarr Organ Trio";"I told you so";"Hole in one";"2021";"COLEMINE RECORDS";1740667106;1740667380;"https://music.apple.com/fr/album/hole-in-one/1537206995?i=1537207206&uo=4";"https://www.deezer.com/track/1120691952";"https://open.spotify.com/track/090M4a8Mux6z7ukX9fUujC"
"Ezra Collective";"Dance, no one’s watching";"No one's watching me (feat. Olivia Dean)";"2024";"PARTISAN RECORDS";1740667378;1740667640;"https://music.apple.com/fr/album/no-ones-watching-me-feat-olivia-dean/1783201685?i=1783202348&uo=4";"https://www.deezer.com/track/3125117281";"https://open.spotify.com/track/70VTTe96UJ9QUyFYbsnW5V"
"Unessential Oils";"Unessential oils";"Chameleon";"2024";"SECRET CITY RECORDS";1740667639;1740667885;"https://music.apple.com/fr/album/chameleon/1725353502?i=1725353669&uo=4";"https://www.deezer.com/track/2617264772";"https://open.spotify.com/track/1r7R3v9AgeJQM0gPinG7S2"
"Cesar Precio";"La suite logique des choses";"D'autres îles en soi";"2024";"OBJET DISQUE - LABEL SERVICE";1740667884;1740668266;"https://music.apple.com/fr/album/dautres-%C3%AEles-en-soi/1764985595?i=1764985796&uo=4";"https://www.deezer.com/track/2964593791";"https://open.spotify.com/track/0tt7ziJ3vxsmebJRrzOpAK"
"Kifu Mitsuhashi";"Wamono Groove : Shakuhachi & koto jazz funk '76";"Soma nagareyama";"1976";"180G";1740668264;1740668527;;;
"Stevie Wonder";"Talking book";"Superstition";"1972";"MOTOWN";1740668523;1740668789;"https://music.apple.com/fr/album/superstition/1440757544?i=1440757545&uo=4";"https://www.deezer.com/track/596034702";"https://open.spotify.com/track/4N0TP4Rmj6QQezWV88ARNJ"
"Alice Russell";"Under the munka moon II";"A fly in the hand(DJ Vandim Mix)";"2006";"TRU THOUGHTS";1740668788;1740669085;;;
"Mira Lu Kovacs";"Please, save yourself";"Pain train";"2024";"PLAY DEAD RECORDS";1740669085;1740669287;;"https://www.deezer.com/track/2990169741";"https://open.spotify.com/track/6mCwq8iyriYQRV78bbn4rY"
"Khruangbin";"Con todo el mundo";"Cómo te quiero";"2018";"NIGHT TIME STORIES";1740669281;1740669521;;"https://www.deezer.com/track/2986808131";"https://open.spotify.com/track/5lNCB8HiizT8ldhUjgSwtf"
"Tamasene";"Hangin’ in or hangin’ out";"Eyes roll out the door";"2025";"NICE GUYS";1740669519;1740669807;;"https://www.deezer.com/track/3181680791";"https://open.spotify.com/track/4YAwFgk1Siewb8mmsv00eG"
"Asta Hiroki";"Air";"Air";"2023";"HIP DOZER";1740669803;1740669941;;"https://www.deezer.com/track/2171314307";"https://open.spotify.com/track/2EZ47fpjgwEbYehBO3t3Bm"
"Low Roar";"0";"Vampire on my fridge";"2014";"TONEQUAKE RECORDS";1740669935;1740670323;;"https://www.deezer.com/track/83945335";"https://open.spotify.com/track/7gRXgnx8qh6uJgdqOv9xDX"
"Feist";"The reminder";"Honey Honey";"2007";"POLYDOR";1740670321;1740670525;;"https://www.deezer.com/track/1176224";"https://open.spotify.com/track/7mpwRGtZCRr67GL8jdVknC"
"Juana Molina";"Un dia";"El vestado";"2008";"DOMINO";1740670525;1740670796;;;
"Black Flower";"Kinetic";"Synesthetic";"2025";"SDBAN ULTRA RECORDS";1740670791;1740671098;"https://music.apple.com/fr/album/synesthetic/1775136281?i=1775136285&uo=4";"https://www.deezer.com/track/3055098861";"https://open.spotify.com/track/7LjbVJxD6yIJ3drlrooq2N"
"Shabaka";"Perceive its beauty, acknowledge its grace";"Insecurities";"2024";"IMPULSE";1740671095;1740671369;;"https://www.deezer.com/track/2738149761";
"Luidji";"Saison 00";"Joueur 1 (feat. Tuerie)";"2023";"FOUFOUNE PALACE BONJOUR";1740671367;1740671562;"https://music.apple.com/fr/album/joueur-1-feat-tuerie/1689378888?i=1689378907&uo=4";;
"Titi Robin";"Ces vagues que l'amour souleve";"La fille du boxeur";"2005";"NAIVE";1740671561;1740671679;;"https://www.deezer.com/track/505069642";"https://open.spotify.com/track/5mpDUpHhCh3SxxcdRxNbCq"
"Jimmy Page";"No quarter";"The battle of evermore";"1994";"FONTANA";1740671676;1740672076;;;
"Laurent Garnier";"Megasoft office 2000";"Communications from the lab";"2000";"F COMMUNICAT";1740672068;1740672360;"https://music.apple.com/fr/album/communications-from-the-lab/285316234?i=285317137&uo=4";"https://www.deezer.com/track/3850435";"https://open.spotify.com/track/18cXHds9l6ZlzXgO78D2aW"
"Felix Fleer";"Rush";"Rush";"2024";"SERIAL SOUND";1740672209;1740672451;"https://music.apple.com/fr/album/rush/1765340917?i=1765341486&uo=4";"https://www.deezer.com/track/2968406081";"https://open.spotify.com/track/65hNAZZGsLuCFZZXBb9IBe"
"Klo Pelgag";"Abracadabra";"Coupable";"2024";"SECRET CITY RECORDS";1740672450;1740672684;"https://music.apple.com/fr/album/coupable/1745182711?i=1745182855&uo=4";"https://www.deezer.com/track/2788042852";"https://open.spotify.com/track/6okHqM69GKMYs7a9bWxmzM"
"Beach House";"Depression cherry";"Space song";"2015";"BELLA UNION";1740672683;1740673001;"https://music.apple.com/fr/album/space-song/998474196?i=998474199&uo=4";"https://www.deezer.com/track/106380372";"https://open.spotify.com/track/1ZgMsA55GIY7ICkQh5MILA"
"Baba Stiltz";"Journals";"Taix";"2021";"CYCLE";1740672998;1740673162;"https://music.apple.com/fr/album/taix/1571343624?i=1571343977&uo=4";"https://www.deezer.com/track/1899899037";"https://open.spotify.com/track/4RhTxybHlTMQhdQEoGQM9W"
"The Clean Hands Group";"Club Meduse compiled by Charles Bals";"Night Fly";"1984";"SPACETALK";1740673161;1740673424;;"https://www.deezer.com/track/1502658072";
"Ahmed Fakroun";"Compilation";"Ya sahbi";"2010";"FAKROUNMUSIC";1740673421;1740673603;;"https://www.deezer.com/track/77188166";"https://open.spotify.com/track/0wYC1ZLuWKPoGfRBSNSoB2"
"Fadela";"Mahlali noum";"Mahlali Noum (Insomnia)";"2006";"ELMIR";1740673603;1740673839;;;
"Alsarah & The Nubatones";"Seasons of the road";"Habibi";"2025";"SOUNDWORKS";1740673837;1740674058;"https://music.apple.com/fr/album/habibi/1796584823?i=1796584832&uo=4";"https://www.deezer.com/track/3230049991";"https://open.spotify.com/track/7EGrgTG9KZ10wFOEVSZiUZ"
"The Heliocentrics";"The Sunshine Makers";"Sold out";"2017";"SOUNDWAY RECORDS";1740674056;1740674268;"https://music.apple.com/fr/album/sold-out/1611619771?i=1611619985&uo=4";"https://www.deezer.com/track/1667272452";"https://open.spotify.com/track/7sbXwfFNSbPgqtwsfuzyak"
"Serge Gainsbourg";"Gainsbourg forever";"Ford Mustang";"1968";"MERCURY";1740674262;1740674417;"https://music.apple.com/fr/album/ford-mustang/1391621152?i=1391622214&uo=4";"https://www.deezer.com/track/1249402342";"https://open.spotify.com/track/3TnAzjwayiyFCp65ORQmnt"
"The Marvelettes";"Forever more : the complete Motown albums / Vol.2";"Don't make hurting me a habit";"1968";"MOTOWN";1740674418;1740674592;"https://music.apple.com/fr/album/dont-make-hurting-me-a-habit/1444184667?i=1444184982&uo=4";"https://www.deezer.com/track/4633886";"https://open.spotify.com/track/47XpL6RIOhWWacCOyt4OqG"
"Thee Sacred Souls";"Got a story to tell";"Lucid girl";"2024";"DAPTONE RECORDS";1740674592;1740674792;"https://music.apple.com/fr/album/lucid-girl/1749131359?i=1749131364&uo=4";"https://www.deezer.com/track/2824391322";"https://open.spotify.com/track/5TdnxXaZIqJjASZaJQrW2e"
"Bastien Keb";"Songs for Lost Travellers";"It would speak";"2025";"NATIVE REBEL RECORDINGS";1740674792;1740675022;;;"https://open.spotify.com/track/1BigNZqBjel1edHEj8rUns"
"Guillaume Poncelet";"Durango";"Patricia";"2023";"BLEND";1740675012;1740675185;"https://music.apple.com/fr/album/patricia/1676990846?i=1676990995&uo=4";"https://www.deezer.com/track/2373003735";"https://open.spotify.com/track/5fmL7CXM7dGkGQ4jTMYa41"
"Nina Simone";"Nina Simone and piano !";"I think it's going to rain today";"1969";"";1740675184;1740675382;"https://music.apple.com/fr/album/i-think-its-going-to-rain-today/298325770?i=298326477&uo=4";"https://www.deezer.com/track/1046322";"https://open.spotify.com/track/6GWLNfRviT4S82inkxvXV8"
"Big Mama Thornton";"Ball n' chain";"Black rat";"1966";"ARHOOLIE";1740675382;1740675549;;"https://www.deezer.com/track/935787722";
"Charlie Feathers";"Jungle fever 1955-1962";"Everybody's lovin' my baby";"1956";"HOODOO";1740675548;1740675680;;;"https://open.spotify.com/track/7AGntF5SRNb8BU2lpuyKa2"
"Skinny Dyck";"Easygoing";"Baby oh well";"2024";"VICTORY POOL RECORDS";1740675678;1740675829;"https://music.apple.com/fr/album/baby-oh-well/1770331938?i=1770332330&uo=4";"https://www.deezer.com/track/3027027181";"https://open.spotify.com/track/4Py2DhufM8WPILtf1mlN5i"
"Robohands";"Violet";"String feelings";"2022";"KINGUNDERGROUND";1740675828;1740675945;"https://music.apple.com/fr/album/string-feelings/1609064076?i=1609064077&uo=4";"https://www.deezer.com/track/1692384057";"https://open.spotify.com/track/0nWOYmDaMsM7uJChu8zspP"
"Francois & The Atlas Mountains";"Age fleuve";"Fleuve des âges";"2025";"INFINE";1740675943;1740676170;"https://music.apple.com/fr/album/fleuve-des-%C3%A2ges/1778109772?i=1778109780&uo=4";"https://www.deezer.com/track/3086380851";"https://open.spotify.com/track/3VEsIB9S4HvLfvtA6fbOfn"
"Depeche Mode";"The best of Depeche Mode";"Shake the disease";"1985";"MUTE";1740676169;1740676457;"https://music.apple.com/fr/album/shake-the-disease/665414290?i=665415110&uo=4";"https://www.deezer.com/track/68513766";"https://open.spotify.com/track/3UP3kWn6I6sL2ZtpiXhJBo"
"Dodo Da Bahia & As Virgens De Porto Seguro";"Onda de amor: Synthesized brazilian hits that never were (1984-94)";"Africamerica";"1990";"SOUNDWAY";1740676454;1740676752;;"https://www.deezer.com/track/1666942982";
"Arp Frique";"Analog people digital world";"Duncan Truffle";"2023";"RUSH HOUR";1740676748;1740676940;"https://music.apple.com/fr/album/duncan-truffle/1674632576?i=1674632585&uo=4";"https://www.deezer.com/track/2168709517";"https://open.spotify.com/track/6XoaQgrmpBcg7g33VpHTqj"
"Bibi Club";"L'île aux bleuets";"L'île aux bleuets";"2024";"SECRET CITY RECORDS";1740676939;1740677142;"https://music.apple.com/fr/album/l%C3%AEle-aux-bleuets/1726022882?i=1726022975&uo=4";"https://www.deezer.com/track/2622354402";"https://open.spotify.com/track/0tyqnnZ2XZiD2hH3hQBBHe"
"Kip Nelson";"Be on my side";"Be on my side";"2018";"NICE GUYS";1740677141;1740677293;;"https://www.deezer.com/track/774203262";
"The Beach Boys";"Surfer girl & shut down volume 2";"Surfer girl";"1965";"CAPTOL";1740677292;1740677437;;"https://www.deezer.com/track/2211915227";
"Originals Orchestra";"ABC Rocksteady";"Little nut tree";"1968";"DUB STORE RECORDS";1740677436;1740677586;;;
"The Sure Fire Soul Ensemble";"Step down";"Omnificent";"2022";"COLEMINE RECORDS";1740677584;1740677810;"https://music.apple.com/fr/album/omnificent/1606237161?i=1606237446&uo=4";"https://www.deezer.com/track/1628670912";"https://open.spotify.com/track/2kMcrbUr7r2I2yoVUBqrrO"
"Limousine";"Hula hoop (pour toi)";"Hula hoop (pour toi)";"2021";"EKLER'O'SHOCK RECORDS";1740677807;1740678024;;"https://www.deezer.com/track/1459541022";"https://open.spotify.com/track/4JWtxz3nB3L0T12yMYqVLM"
"Rocco Deluca";"BOF / The music of Red dead redemption II (jeu video)";"Crash of worlds";"2019";"LAKESHORE RECORDS";1740678021;1740678126;"https://music.apple.com/fr/album/crash-of-worlds/1466010494?i=1466010501&uo=4";"https://www.deezer.com/track/688442522";"https://open.spotify.com/track/51umGIauwIZln39b3hsso2"
"Yves Simon";"Yves Simon";"Little Thomas dupont";"1973";"RCA";1740678125;1740678315;;;
"Michael Mc Carty";"Earl's Closet : The Lost Archive of Earl Mcgrath, 1970-1980";"Christopher";"2022";"LIGHT IN THE ATTIC RECORDS";1740678314;1740678475;;;
"Canned Heat";"Instrumentals 1967 - 1996";"Junior's shuffle";"1996";"RUF";1740678472;1740678601;;;
"Omni";"Souvenir";"Plastic pyramid";"2024";"SUB POP";1740678598;1740678802;"https://music.apple.com/fr/album/plastic-pyramid/1710682086?i=1710682088&uo=4";"https://www.deezer.com/track/2486107861";"https://open.spotify.com/track/1nxVYkAMpRqLaNLJdggYWa"
"The Impressions";"Complete A and B singles 1961-1968";"Sometimes I wonder";"1965";"UNIVERSAL ISLAND RECORDS";1740678800;1740678982;"https://music.apple.com/fr/album/sometimes-i-wonder/1445667423?i=1445667703&uo=4";"https://www.deezer.com/track/145430578";"https://open.spotify.com/track/1SLfYCMG2gGME6DmAzqp6B"
"Sha La Das";"Love in the wind";"Just for a minute";"2018";"DAPTONE RECORDS";1740678980;1740679206;;;
"Ruben Gonzalez";"Chanchullo";"Quizás, quizás (bolero cha)";"2000";"World Circuit";1740679336;1740679480;;;
"CANNONBALL ADDERLEY";"";"CANNONBALL ADDERLEY / I DON'T CARE";"";"";1740679478;1740679638;;;
"Dean Martin";"This time I'm swingin' / Pretty baby";"Maybe";"1960";"CAPITOL";1740679638;1740679767;;;
"The Ink Spots";"Swing high, swing low 1936 -1940";"Maybe";"1940";"ASV";1740679767;1740679951;"https://music.apple.com/fr/album/maybe/1425152124?i=1425152667&uo=4";"https://www.deezer.com/track/78133605";
"Pat Metheny";"One quiet night";"Don't know why";"2003";"WEA";1740679950;1740680136;"https://music.apple.com/fr/album/dont-know-why/313204888?i=313204970&uo=4";"https://www.deezer.com/track/3593545";"https://open.spotify.com/track/6KE4QXE06QDEn7zRFkpxdk"
"Bill Withers";"Still Bill";"I don't know";"1972";"COLUMBIA";1740680130;1740680309;;"https://www.deezer.com/track/99199096";"https://open.spotify.com/track/16h3GCdEJ9lgiOyox4LJQA"
"Charles Lloyd & The Marvels";"I long to see you";"Of course, of course";"2016";"BLUE NOTE";1740680308;1740680668;;"https://www.deezer.com/track/118583692";
"Vanessa Rubin";"Vanessa rubin sings";"It's probably me";"1995";"NOVUS";1740680667;1740680973;"https://music.apple.com/fr/album/its-probably-me/255964752?i=255964829&uo=4";"https://www.deezer.com/track/13241532";"https://open.spotify.com/track/3UnREYiP631ZiYLrmFMWJO"
"SONNY ROLLINS";"";"SONNY ROLLINS / THE FILE";"";"";1740680967;1740681218;;;
"NNENNA FREELON";"";"NNENNA FREELON / SO WRONG";"";"";1740681216;1740681577;;;
"Roy Hargrove";"Earfood";"I'm not so sure";"2008";"EMARCY";1740681574;1740681921;"https://music.apple.com/fr/album/im-not-so-sure/1442929108?i=1442929314&uo=4";"https://www.deezer.com/track/929186";"https://open.spotify.com/track/1AZRzlMAaXFndLEvHO8Sf6"
"Independent Trio";"Ignition";"Yop or nop";"2010";"POPCORNLAB";1740681920;1740682150;"https://music.apple.com/fr/album/yop-or-nop/360209986?i=360210126&uo=4";"https://www.deezer.com/track/5525380";"https://open.spotify.com/track/1XbKFvi7NRxzPdGPNrYiZv"
"DUKE PEARSON";"";"DUKE PEARSON / I DON'T KNOW";"";"";1740682146;1740682564;;;
"Pierrick Pedron";"The shape of jazz to come";"Eventually";"2024";"CONTINUO JAZZ";1740682559;1740682910;"https://music.apple.com/fr/album/eventually/1771852982?i=1771853245&uo=4";"https://www.deezer.com/track/3026440411";"https://open.spotify.com/track/63ckqq7iL3GzI0dG9rSeg8"
"Bill Henderson";"Bill Henderson His complete Vee Jay recordings vol. 2";"Yes Indeed";"1960";"VEE JAY @";1740682981;1740683193;;;
"Lemon Jelly";"Lemonjelly .Ky";"Nervous tension";"2000";"XL RECORDINGS";1740683192;1740683593;"https://music.apple.com/fr/album/nervous-tension/1027469593?i=1027469604&uo=4";"https://www.deezer.com/track/105291530";"https://open.spotify.com/track/68HWCNqV9fxp5FUYYpACeC"
"James Yorkston";"Everything sacred";"Everything sacred";"2016";"DOMINO RECORDING COMPANY";1740683593;1740683900;;;
"Wolfgang Dauner Quintet";"Talkin' jazz : More themes from the black forest / Vol. 2";"Take off your shoes to feel the setting sun";"1969";"TALKIN LOUD";1740683897;1740684135;;;
"Imhotep";"Kheper dub";"Far eye dub";"2014";"AUTOPRODUCTION";1740684130;1740684413;"https://music.apple.com/fr/album/far-eye-dub/923320536?i=923320572&uo=4";"https://www.deezer.com/track/86960469";"https://open.spotify.com/track/3uWu70wIvqEwxKVKt2E5zq"
"Otis Redding";"The very best of Otis Redding";"(Sittin' on) the dock of the bay";"1968";"ATLANTIC";1740684411;1740684573;"https://music.apple.com/fr/album/sittin-on-the-dock-of-the-bay/266601413?i=266605724&uo=4";"https://www.deezer.com/track/495824392";"https://open.spotify.com/track/3zBhihYUHBmGd2bcQIobrF"
"Molly Lewis";"On the lips";"Lounge lizard";"2024";"JAGJAGUWAR";1740684571;1740684797;"https://music.apple.com/fr/album/lounge-lizard/1712878079?i=1712878281&uo=4";"https://www.deezer.com/track/2507483961";"https://open.spotify.com/track/56xlGPNxws5a7RiRf1D9i3"
"Yndi";"Memoria";"Stèles";"2024";"NASCIMENTO - GRAND MUSIQUE MANAGEMENT";1740684797;1740685028;;"https://www.deezer.com/track/3063586791";"https://open.spotify.com/track/7xFnbVxGPPQ1H7PtEL6K0K"
"Trio Da Kali";"Ladilikan";"Eh ya ye";"2017";"WORLD CIRCUIT";1740685025;1740685314;;"https://www.deezer.com/track/704074652";"https://open.spotify.com/track/1HPGPCS2p8gooN9D5m9qo0"
"Orchestre Philharmonique De New York";"Maurice Ravel : L'oeuvre pour orchestre";"Ma mère l'oye : Laideronette impératrice des pagodes";"1990";"SONY";1740685313;1740685596;;;
"Meiko Kaji";"BOF / Gincho Wataridori";"Jingi komoriuta";"1972";"WEWANTSOUNDS";1740685594;1740685792;;;
"East Flatbush Project";"Chinese Room";"Tried by 12";"1996";"WAGRAM";1740685792;1740685965;;;
"King Pari";"There it goes";"Eggface (i'm not screamin' for nothin')";"2024";"STONES THROW RECORDS";1740685965;1740686287;"https://music.apple.com/fr/album/eggface-im-not-screamin-for-nothin/1751379583?i=1751379779&uo=4";"https://www.deezer.com/track/3012701351";"https://open.spotify.com/track/4BLNiKNSEAhl7GxWQAQS5L"
"Michael Jackson";"Bad";"Smooth criminal";"1987";"EPIC";1740686281;1740686535;"https://music.apple.com/fr/album/smooth-criminal/159292399?i=159294551&uo=4";"https://www.deezer.com/track/1120580842";
"I Suonatori";"Intenta : Experimental and electronic music from Switzerland (1981-93)";"Matrosen";"1988";"BONGO JOE RECORDS";1740686525;1740686777;;"https://www.deezer.com/track/914140352";
"Orchestre Tout Puissant Marcel Duchamp";"Ventre unique";"Ils disent";"2024";"Bongo Joe";1740686774;1740687092;"https://music.apple.com/fr/album/ils-disent/1761618180?i=1761618478&uo=4";"https://www.deezer.com/track/2937535331";"https://open.spotify.com/track/0eq2r4VB8rEmpLKyu9ST8V"
"Jim O Rourke";"Simple songs";"Half life crisis";"2015";"DRAG CITY";1740687091;1740687373;;;
"Passion Theatre";"Strange Desire / Mannequin";"Vacation day";"1986";"SPACETALK";1740687372;1740687651;;"https://www.deezer.com/track/1259143882";
"Sauveur Mallia";"Spatial & Co";"Future vision";"1979";"TELE MUSIC";1740687648;1740687876;;;
"Motion";"Playtime Reggae";"Walk on by";"1980";"HIETFLY";1740687895;1740688286;;;
"Bala Desejo";"Baile de mascaras (recarnaval)";"Baile de máscaras (recarnaval) - (Jamz Supernova & Sam Interface edit) - (short)";"2024";"MR BONGO";1740688284;1740688615;;;
"Clea Vincent";"Tropi-cléa (EP)";"Samba";"2017";"MIDNIGHT SPECIAL RECORDS";1740688615;1740688782;"https://music.apple.com/fr/album/samba/1217462441?i=1217462462&uo=4";"https://www.deezer.com/track/144654896";"https://open.spotify.com/track/3AyeEQHxCOzJ22b2mQTUPK"
"Kiefer";"It’s ok, bu";"August again";"2023";"STONES THROW RECORDS";1740688781;1740689100;"https://music.apple.com/fr/album/august-again/1698878541?i=1698878788&uo=4";"https://www.deezer.com/track/2378935365";"https://open.spotify.com/track/4i1wz6IZCE9ttEJOQmUCHC"
"Radiohead";"Kid A";"Morning bell";"2000";"EMI";1740689100;1740689368;"https://music.apple.com/fr/album/morning-bell/1097862870?i=1097863575&uo=4";"https://www.deezer.com/track/138547603";"https://open.spotify.com/track/4h37RgtBg9iynN3BIL5lFU"
"Seals & Crofts";"Summer breeze";"The euphrates";"1972";"WARNER BROS";1740689364;1740689620;"https://music.apple.com/fr/album/the-euphrates/303229963?i=303230052&uo=4";;
"Jack Nitzsche";"Bof / Vol au dessus d'un nid de coucou";"Bus ride to paradise";"1975";"FANT";1740689615;1740689878;;;
"Hoyt Axton";"1971 - Free, pop et politique";"The pusher";"1971";"NAIVE";1740689713;1740690033;"https://music.apple.com/fr/album/the-pusher/1618342953?i=1618343362&uo=4";"https://www.deezer.com/track/1721700377";"https://open.spotify.com/track/4QRRQXWYKuZUi1DsVwMUYp"
"June Laverick";"Lost west end vintage : London's forgotten musicals 1948-1962";"When in Rome : Stop";"1959";"STAGE DOOR";1740690034;1740690193;;;
"Mina";"Sabato sera Studio Uno 1967";"Portami con te";"1967";"PEER SOUTHERN PRODUCTIONS";1740690192;1740690236;;"https://www.deezer.com/track/523541082";
"Me & You";"Music for birthdays";"Papillon";"2010";"";1740690607;1740690923;;;
"Izumi Kobayashi";"Tokyo riddim 1976-1985";"Lazy love";"1981";"TIME CAPSULE";1740690918;1740691179;;;
"Esther Phillips";"Alone again naturally";"Use me";"1972";"SONY";1740691179;1740691408;"https://music.apple.com/fr/album/use-me/215737043?i=215738064&uo=4";"https://www.deezer.com/track/125512054";"https://open.spotify.com/track/4zCW4FvWlUZjL1PwPgssdJ"
"Twin Temple";"Bring you their signature sound.... satanic doo-wop";"The devil didn't make me do it";"2019";"RISE ABOVE RECORDS";1740691401;1740691678;;;
"Lewis OfMan";"Get Fly (I Wanna) (feat. Gabriela Richardson)";"Get fly (I wanna) (feat. Gabriela Richardson)";"2024";"VIRGIN RECORDS";1740691673;1740691959;;;
"Abigail Lapell";"Stolen time";"Scarlet fever";"2022";"OUTSIDE MUSIC";1740691957;1740692264;"https://music.apple.com/fr/album/scarlet-fever/1601580660?i=1601580846&uo=4";"https://www.deezer.com/track/1597933232";"https://open.spotify.com/track/67RizwY0RGurFtAvAzEOz2"
"King Child";"Leech";"Clair de lune";"2019";"PIEUVRE";1740692257;1740692524;"https://music.apple.com/fr/album/clair-de-lune/1449475969?i=1449475975&uo=4";"https://www.deezer.com/track/617344082";"https://open.spotify.com/track/5S4LTlZbgEyOeLyEV6M9yX"
"Voyou";"Les bruits de la ville";"Il neige";"2019";"ENTREPRISE / A+LSO";1740692525;1740692787;"https://music.apple.com/fr/album/il-neige/1445023653?i=1445023751&uo=4";"https://www.deezer.com/track/618561142";"https://open.spotify.com/track/0zGQ0FAGQC6O8GFJzJwvof"
"Billie Holiday";"Blue moon";"Yesterdays";"1939";"DREYFUS";1740692784;1740692990;;"https://www.deezer.com/track/593692902";
"Menelik Wesnatchew";"Ethiopie/Tezeta/Ethiopian blues & ballads/Ethiopiques vol.10";"Tezeta";"1974";"BUDA MUSIQUE";1740692989;1740693260;;"https://www.deezer.com/track/224880";
"Impressions (the)";"Complete A and B singles 1961-1968";"You've come home";"1962";"UNIVERSAL ISLAND RECORDS";1740693256;1740693421;;;
"Gin Wigmore";"Willing to die (feat. Suffa & Logic)";"Willing to die (feat. Suffa & Logic)";"2015";"ISLAND RECORDS / UNIVERSAL";1740693420;1740693614;"https://music.apple.com/fr/album/willing-to-die-feat-suffa-logic/1442438972?i=1442439231&uo=4";;
"Gustafson";"Sourire aux anges";"Vos étincelles";"2024";"AUTOPRODUCTION";1740693626;1740693877;"https://music.apple.com/fr/album/vos-%C3%A9tincelles/1755271177?i=1755271467&uo=4";"https://www.deezer.com/track/2873545982";"https://open.spotify.com/track/7ux0G6ySiu0l1oipmmgPrI"
"The Bee Gees";"Bee gees story";"To love somebody";"1967";"RSO";1740693867;1740694044;;;
"Thee Heart Tones";"Forever and ever";"No longer mine";"2024";"BIG CROWN RECORDS";1740694041;1740694204;;"https://www.deezer.com/track/2785657302";"https://open.spotify.com/track/1bSCxweo1vsaSBtgrDBnPD"
"Harvey Mandel";"Baby batter";"Baby batter";"1971";"ROCAFORT RECORDS";1740694203;1740694422;"https://music.apple.com/fr/album/baby-batter/423515306?i=423515317&uo=4";"https://www.deezer.com/track/1590269242";"https://open.spotify.com/track/4qWkG2FhdfroTh5cFiCQtO"
"Madeleine Peyroux";"Let’s walk";"Showman dan";"2024";"THIRTY TIGERS / SOUNDWORKS";1740694423;1740694659;;"https://www.deezer.com/track/2661288612";"https://open.spotify.com/track/6PfdBLM4XoGyWTrhnaVWgI"
"Andy Williams";"Under Paris Skies";"Boum !";"1960";"DEMON MUSIC GROUP LTD";1740694658;1740694804;;;
"Phoebe Rings";"Phoebe Rings";"Spissky";"2024";"CARPARK RECORDS";1740694803;1740695042;;"https://www.deezer.com/track/2896017171";"https://open.spotify.com/track/4mZBDIsExyXoR93MRKIMh6"
"Tunng";"Love you all over again";"Drifting memory station";"2025";"FULL TIME HOBBY";1740695038;1740695283;"https://music.apple.com/fr/album/drifting-memory-station/1770286498?i=1770287379&uo=4";;"https://open.spotify.com/track/4Nd9JLnHeu07QsfVRuutLo"
"Neil Young";"BOF / Mange Prie Aime";"Harvest moon";"1991";"COLUMBIA";1740695286;1740695585;;"https://www.deezer.com/track/677484";
"Jenny Lewis";"Joy'All";"Puppy and a Truck";"2023";"BLUE NOTE RECORDS";1740695580;1740695769;;"https://www.deezer.com/track/2193568587";"https://open.spotify.com/track/3fBnNVgVVGDWWvVMCH6f0z"
"Sandrine Kiberlain";"Manquait plus qu'ça...";"J'ai aimé";"2005";"VIRGIN";1740695763;1740695938;;"https://www.deezer.com/track/3095029";"https://open.spotify.com/track/2lpVWATWTcYzQvSmf4E7Tl"
"Eje Eje";"Five seasons";"Wedding at the vineyard (spring)";"2023";"BATOV RECORDS";1740695938;1740696091;;"https://www.deezer.com/track/2254314227";"https://open.spotify.com/track/5eJEPsFFRJ0cGmM5ZzYpL6"
"Courtney Barnett";"Before you gotta go";"Before you gotta go";"2021";"MARATHON ARTISTS";1740696085;1740696311;;"https://www.deezer.com/track/2072033457";"https://open.spotify.com/track/1CEBOC8b6LzdOe96gTmY1N"
"Theodor";"Holocene";"Rocky top";"2024";"BROC RECORDZ";1740696307;1740696581;;"https://www.deezer.com/track/3025861691";"https://open.spotify.com/track/5Jwk35HUnw8Bh4bbehOFkx"
"The Soul Seeders";"Honey";"A brighter shade";"2024";"LOVEMEDO RECORDS";1740696575;1740696777;;;"https://open.spotify.com/track/1Y6JoaALDAviBBdIN2qMkO"
"Veronika Fischer & Band";"Amiga a go-go";"Philodendron";"1975";"BMG";1740696774;1740697028;;"https://www.deezer.com/track/1005785";
"Chuck Senrick";"Seafaring strangers (private yacht)";"Don't be so nice";"1977";"NUMERO GROUP";1740697025;1740697189;;"https://www.deezer.com/track/130236354";
"Randy Newman";"The Randy Newman Songbook vol. 3";"Mama told me not to come";"2016";"NONESUCH";1740697185;1740697298;"https://music.apple.com/fr/album/mama-told-me-not-to-come/1135114525?i=1135114829&uo=4";"https://www.deezer.com/track/131867192";"https://open.spotify.com/track/05cKXjemnvWTOhj2871Rgq"
"Lalo Schifrin";"B.O.F. / Mission impossible / Anthology";"Secret code";"1967";"MCA";1740697318;1740697461;;"https://www.deezer.com/track/876480";
"Mina";"Sabato sera Studio Uno 1967";"Portami con te";"1967";"PEER SOUTHERN PRODUCTIONS";1740697454;1740697611;;"https://www.deezer.com/track/523541082";
"Finley Quaye";"Vanguard";"Broadcast";"2000";"SONY";1740697610;1740697781;;"https://www.deezer.com/track/859522";
"Soul Sugar";"Excursions in soul, reggae, funk & dub";"I want you (Sly & Robbie remix)";"2021";"GEE RECORDINGS";1740697776;1740698055;;"https://www.deezer.com/track/1372358632";
"Marvin Gaye";"B.O.F /  Trouble man";"""""T"""" plays it cool";"1972";"MOTOWN";1740698063;1740698330;;;
"Amp Fiddler";"Afro strut";"Heaven";"2006";"GENUINE";1740698321;1740698607;;"https://www.deezer.com/track/3971745";
"Still Woozy";"Goodie bag";"Goodie bag";"2017";"672794 RECORDS DK";1740698606;1740698752;"https://music.apple.com/fr/album/goodie-bag/1483283927?i=1483283935&uo=4";"https://www.deezer.com/track/774793682";"https://open.spotify.com/track/4vHNeBWDQpVCmGbaccrRzi"
"Scott Gilmore";"Volume 1";"Paranoid days";"2024";"CRAMMED DISCS";1740698750;1740698870;;"https://www.deezer.com/track/3047467721";
"L (raphaele Lannadere)";"Cheminement";"Je t'attends";"2023";"HORIZON MUSIQUES";1740698875;1740699110;"https://music.apple.com/fr/album/je-tattends/1710390859?i=1710390868&uo=4";"https://www.deezer.com/track/2535658161";"https://open.spotify.com/track/1zDjR25x7OorGp9KTz1fEC"
"The Verve";"Urban hymns";"Sonnet";"1997";"VIRGIN";1740699108;1740699370;;"https://www.deezer.com/track/398570652";"https://open.spotify.com/track/6OgWHP8rRXiq7VMaryVaVo"
"Tony Allen & Jeff Mills";"Tomorrow comes the harvest";"The seed";"2018";"BLUE NOTE";1740699360;1740699600;"https://music.apple.com/fr/album/the-seed/1403295920?i=1403296370&uo=4";;
"The Roots";"Phrenology";"The seed (2.0)";"2002";"MCA";1740699609;1740699878;"https://music.apple.com/fr/album/the-seed-2-0/1772996193?i=1772996199&uo=4";"https://www.deezer.com/track/1140883672";"https://open.spotify.com/track/6HxweNytuEQdmGeVtZPZz3"
"Eddie Chacon";"Laylow";"If i ever let you go";"2025";"STONES THROW RECORDS";1740699875;1740700145;"https://music.apple.com/fr/album/if-i-ever-let-you-go/1769275254?i=1769275462&uo=4";"https://www.deezer.com/track/3001457681";"https://open.spotify.com/track/5oS7LlAElgc3pwWxPdA2bu"
"Matthew Larkin Cassell";"The complete works";"Heaven";"1977";"STONES THROW RECORDS";1740700110;1740700324;;"https://www.deezer.com/track/1947774197";
"Vanessa Wagner";"This is America !";"Ellis Island - pour 2 pianos";"2020";"LA DOLCE VOLTA";1740700322;1740700497;;;
"Juliette Greco";"Déshabillez-moi";"Trois petites notes de musique";"1970";"PHILIPS";1740700495;1740700740;;"https://www.deezer.com/track/2296462";
"Frank Sinatra";"Sinatra & company";"One note samba";"1971";"REPRISE RECORDS";1740700738;1740700877;;;
"Nyron Higor";"Fio de lâmina";"Imaginário";"2022";"NYRON HIGOR";1740700876;1740701083;"https://music.apple.com/fr/album/imagin%C3%A1rio/1666287935?i=1666287939&uo=4";"https://www.deezer.com/track/2124776237";"https://open.spotify.com/track/2qJrvT5R9ZxMUYIKBX7tqO"
"Flying Lotus";"1983";"Sao Paulo";"2006";"PLUG RESEARCH";1740701103;1740701226;;;
"Robert Wyatt";"Cuckooland";"Insensatez";"2003";"RYKODISC";1740701225;1740701486;;"https://www.deezer.com/track/4644817";"https://open.spotify.com/track/2oT9yHFdiPEbEb3rrmDSvz"
"O'O";"La mésange";"La mésange";"2025";"INFINE";1740701482;1740701643;;"https://www.deezer.com/track/3182663581";"https://open.spotify.com/track/7BhNNNR2DelDsNL4K9anwY"
"Bon Iver";"Speyside";"Speyside";"2024";"JAGJAGUWAR";1740701641;1740701842;;;
"Bob Dylan";"The freewheelin'";"Blowin' in the wind";"1963";"S";1740701844;1740702010;;"https://www.deezer.com/track/75768709";"https://open.spotify.com/track/18GiV1BaXzPVYpp9rmOg0E"
"Julian Lage";"Speak to me";"Omission";"2024";"BLUE NOTE";1740702008;1740702209;;"https://www.deezer.com/track/2613180632";"https://open.spotify.com/track/4BNDJ8JLYVc5nkoaIeogna"
"Yvonne Archer";"Harmony Melody & Style: Lovers Rock and rare groove in the UK 1975-1992";"Ain't nobody";"1983";"SOUL JAZZ RECORDS";1740702212;1740702434;;;
"Bad Bunny";"Debi tirar mas fotos";"Perfumito nuevo (feat. RaiNao)";"2025";"RIMAS";1740702433;1740702631;;;
"Metronomy & Pan Amsterdam";"Nice town";"Nice town (Original)";"2024";"NINJA TUNE";1740702637;1740702802;"https://music.apple.com/fr/album/nice-town-original/1731403628?i=1731403629&uo=4";;
"Mop Mop";"Ritual of the savage";"Naja haje (Omaggio a don cherry)";"2010";"INFRACOM RECORDS";1740702801;1740703176;"https://music.apple.com/fr/album/naja-haje-omaggio-a-don-cherry/896091046?i=896091103&uo=4";"https://www.deezer.com/track/80854356";
"Neneh Cherry";"Feel It";"Trout";"1997";"HUT RECORDS";1740703175;1740703468;;"https://www.deezer.com/track/3325412";
"Led Zeppelin";"Led Zeppelin II";"Ramble on";"1969";"ATLANTIC";1740703469;1740703730;;;
"Alsarah & The Nubatones";"Seasons of the road";"Turn around";"2025";"SOUNDWORKS";1740703723;1740703972;;"https://www.deezer.com/track/3230049971";"https://open.spotify.com/track/4GYikAXP76fV32CVnzEHMY"
"Bruno Coulais";"Bof / Belphegor : Le fantome du louvre";"Egyptian trans";"2001";"WEA INTERNAT";1740703971;1740704169;;;
"Bumcello";"Al";"Je ne sais quality";"2012";"TOT OU TARD";1740704168;1740704405;;"https://www.deezer.com/track/605632232";"https://open.spotify.com/track/5Icj7RGNQfmBVBtm6UflWz"
"The Libertines";"The libertines";"What katie did";"2004";"ROUGHTRADE";1740704404;1740704633;;"https://www.deezer.com/track/946317";"https://open.spotify.com/track/4ujUbvyGtlXFuGzCPwp8At"
"Milan Kymlicka";"Miles Away one";"It’s over";"1974";"MILES AWAY RECORDS";1740704652;1740704876;;;
"Curtis Mayfield";"Roots";"Get down";"1975";"CHARLY";1740704868;1740705208;;"https://www.deezer.com/track/14619061";
"Horsegirl";"Julie";"Julie";"2024";"MATADOR RECORDS";1740705206;1740705478;;"https://www.deezer.com/track/3097610331";"https://open.spotify.com/track/7b2JZ8XmdH6tLwPxeI8l4f"
"Skinshape";"Arrogance is the Death of Men";"Behind the sun";"2020";"LEWIS RECORDINGS";1740705477;1740705685;"https://music.apple.com/fr/album/behind-the-sun/1538472913?i=1538472924&uo=4";"https://www.deezer.com/track/1129512442";"https://open.spotify.com/track/2NBBgCiQpmIhfBr2Tieedt"
"Chris Isaak";"Wicked game";"Wicked game";"1991";"REPRISE";1740705692;1740705980;;"https://www.deezer.com/track/83518874";
"Anna Majidson";"Pomona";"Bleu";"2025";"C'EST LA VIE FILMS";1740705979;1740706182;;"https://www.deezer.com/track/3141649891";"https://open.spotify.com/track/3FSIOtcTETjUj11h8SBaMD"
"Orchestre La Tempesta";"Evening dusk serenade";"Iltahämärän sävel - pour violon et orchestre";"2021";"NAXOS";1740706181;1740706375;;;
"Bill Laurance";"Swift";"U-Bahn";"2015";"GROUNDUP MUSIC";1740706372;1740706770;;"https://www.deezer.com/track/643599972";"https://open.spotify.com/track/63JUHceffyLxacmiVdPXOR"
"Jayahadadream";"Redemption songs";"Sunny day";"2024";"JAYAHADADREAM";1740706782;1740706936;;"https://www.deezer.com/track/2847326362";"https://open.spotify.com/track/5G3iEXgFnZ7KpwOuqt8TgH"
"The Paragons";"Treasure isle/Duke Reid's legacy/The true story of ska, rocksteady, dub and reggae";"Island in the sun";"1967";"JAHSLAMS";1740706933;1740707120;"https://music.apple.com/fr/album/island-in-the-sun/150380423?i=150380535&uo=4";"https://www.deezer.com/track/131236790";"https://open.spotify.com/track/3sHzZSmkmQOFaiVX1VNRqF"
"Sound Dimension";"Studio 1/Jamaica soul shake vol 1";"Upsetters dream";"1970";"SOUL JAZZ RECORDS";1740707119;1740707345;;"https://www.deezer.com/track/117244952";
"Cesar Precio";"La suite logique des choses";"D'autres îles en soi";"2024";"OBJET DISQUE - LABEL SERVICE";1740707345;1740707727;"https://music.apple.com/fr/album/dautres-%C3%AEles-en-soi/1764985595?i=1764985796&uo=4";"https://www.deezer.com/track/2964593791";"https://open.spotify.com/track/0tt7ziJ3vxsmebJRrzOpAK"
"Dennis Coffey And The Detroit Guitar Band";"Evolution";"Scorpio";"1971";"SUSSEX";1740707729;1740707987;;"https://www.deezer.com/track/1508462432";
"Emile Londonien";"Inwards";"Shades";"2024";"NAIVE";1740707985;1740708150;"https://music.apple.com/fr/album/shades/1759002873?i=1759003931&uo=4";"https://www.deezer.com/track/2906923311";"https://open.spotify.com/track/1IZ4rJ5Sd3XqDwzQrXURi0"
"Henna Onna";"Part of Deeppa / Vol.2";"Shibuya oiran";"2024";"DEEPPA RECORDS";1740708149;1740708520;"https://music.apple.com/fr/album/shibuya-oiran/1769835406?i=1769835407&uo=4";"https://www.deezer.com/track/3000815351";"https://open.spotify.com/track/4kWxDgdXj2FB0pdInkBsP8"
"Angelo Badalamenti (Compositeur)";"Bof TV / Twin Peaks (Saison 1)";"Twin Peaks (Saison 1) : Twin Peaks theme";"1990";"Warner Bros";1740708535;1740708830;;;
"Radiohead";"Kid A";"Everything in its right place";"2000";"EMI";1740708828;1740709076;"https://music.apple.com/fr/album/everything-in-its-right-place/1097862870?i=1097863108&uo=4";"https://www.deezer.com/track/138547587";"https://open.spotify.com/track/2kRFrWaLWiKq48YYVdGcm8"
"Tamasene";"Hangin’ in or hangin’ out";"The devils on your shoulders";"2025";"NICE GUYS";1740709075;1740709383;;"https://www.deezer.com/track/3181680861";"https://open.spotify.com/track/4KUhkuvzThLRRyZOzJoLDa"
"Jamiroquai";"Travelling without moving";"Didjital vibrations";"1996";"SONY";1740709387;1740709729;;;
"Mia";"Kala";"Mango pickle down river";"2007";"XL RECORDINGS";1740709728;1740709960;;;
"Dwight Druick";"French disco boogie sounds vol. 4 (1977-1991)";"Georgy porgy (disco version)";"1979";"FAVORITE RECORDINGS";1740709959;1740710300;;;
"Boz Scaggs";"My time: a Boz Scaggs anthology (1969-1997)";"Lowdown";"1976";"UNIVERSAL";1740710299;1740710610;;"https://www.deezer.com/track/563391";
"Gitkin";"Golden age";"High noon";"2024";"WONDERWHEEL RECORDINGS";1740710612;1740710790;"https://music.apple.com/fr/album/high-noon/1764268567?i=1764268569&uo=4";"https://www.deezer.com/track/2889120982";"https://open.spotify.com/track/6vLVGvyDwYh8HoipMMGu7g"
"Reyna Tropical";"Malegría";"Cartagena";"2024";"PSYCHIC HOTLINE";1740710788;1740710999;;"https://www.deezer.com/track/2717208342";"https://open.spotify.com/track/0d9Ec1WjsdAqs2LmB3nk3o"
"La Luz";"La Luz";"In the country";"2021";"SUB POP RECORDS";1740710998;1740711202;"https://music.apple.com/fr/album/in-the-country/1573665197?i=1573665198&uo=4";"https://www.deezer.com/track/1414063922";"https://open.spotify.com/track/0J0UZpA2Ivp4qaXe3QzCrT"
"Mud";"Mud pack";"Comme par hasard";"1998";"EPIC";1740711201;1740711553;;"https://www.deezer.com/track/78063962";"https://open.spotify.com/track/71gnWKWNg06KPT34KhlvZu"
"Kenny Burrell";"Guitar forms";"Downstairs";"1965";"VERVE";1740711554;1740711725;;;
"Dewolff";"Muscle shoals";"Fools & horses";"2024";"MASCOT RECORDS ,";1740711764;1740711978;;"https://www.deezer.com/track/2960120751";"https://open.spotify.com/track/5twZxDXBCq9n3z3PJ1Vy9f"
"The Marcus King Band";"The Marcus king band";"Rita is gone";"2016";"CONCORD MUSIC GROUP";1740711973;1740712215;;"https://www.deezer.com/track/133585772";"https://open.spotify.com/track/4gi81cgaU0Xmek1IuOENM5"
"Ramsey Lewis";"Funky serenity / Salongo";"Funky serenity : Serene funk";"1973";"R2 RECORDS";1740712212;1740712459;;;
"Lou Donaldson";"Blue break beats / Vol. 2";"The caterpillar";"1971";"BLUENOTE";1740712458;1740712858;;"https://www.deezer.com/track/398578522";"https://open.spotify.com/track/1nALS9WX5OtVjQxujN1UHc"
"The Joubert Singers";"BOF / Polisse";"Stand on the word";"1985";"LORD S RECOR";1740712873;1740713138;;;
"Jalen Ngonda";"Come around and love me";"That's all I wanted from you";"2023";"DAPTONE RECORDS / MODULOR";1740713137;1740713292;"https://music.apple.com/fr/album/thats-all-i-wanted-from-you/1675144720?i=1675144907&uo=4";"https://www.deezer.com/track/2172217357";"https://open.spotify.com/track/1YtJyabBgN06ZgNOjGYLBI"
"Immy Owusu";"Lo-life !";"Sunsum dware";"2023";"HOPESTREET RECORDINGS";1740713288;1740713595;;"https://www.deezer.com/track/2193605757";"https://open.spotify.com/track/2MM0rHmKtNe3PNF8aCCduW"
"Tony Allen";"Jazz is dead / Vol. 18";"Ebun";"2023";"JAZZ IS DEAD";1740713594;1740713931;;"https://www.deezer.com/track/2661241662";"https://open.spotify.com/track/4kKtKDazkdvPO0aM2CjT6B"
"The Smile";"Cutouts";"Eyes & mouth";"2024";"XL RECORDINGS";1740713936;1740714174;"https://music.apple.com/fr/album/eyes-mouth/1758065392?i=1758065785&uo=4";"https://www.deezer.com/track/2991583321";"https://open.spotify.com/track/5gG5N9s0axYYfqovvKvo4M"
"Warpaint";"Common blue";"Common blue";"2024";"ROUGH TRADE RECORDS";1740714173;1740714402;;"https://www.deezer.com/track/2631540272";"https://open.spotify.com/track/4ywML3rFjamKeKg1GE689X"
"Velours Velours";"Quand je pleure, je suis content";"Corde à linge";"2025";"BONBOBBON";1740714402;1740714780;;"https://www.deezer.com/track/3111311261";"https://open.spotify.com/track/5LNNbY0nL1dYlS0ziCJa0w"
"Wes Montgomery";"Tequila";"Bumpin' on sunset";"1966";"VERVE";1740714787;1740715067;"https://music.apple.com/fr/album/bumpin-on-sunset/1434897262?i=1434897263&uo=4";"https://www.deezer.com/track/2537494";"https://open.spotify.com/track/1yxJK6q9oymWO3vjbPCYmp"
"Billie Holiday";"Songs for distingue lovers";"Moonlight in Vermont";"1957";"VERVE";1740715067;1740715295;;"https://www.deezer.com/track/548588092";"https://open.spotify.com/track/1tnNrJSjlmGuzA2uMguXLX"
"Carol Kim";"Saigon Super Sound Vol. 3";"Diêu ru nuoc mat";"1983";"SAIGON SUPERSOUND";1740715294;1740715561;;"https://www.deezer.com/track/2322110825";"https://open.spotify.com/track/7nsPxBe7aIs5zgF1eZpqq5"
"Molly Lewis";"The forgotten edge";"Balcony for two";"2021";"JAGJAGUWAR";1740715592;1740715767;"https://music.apple.com/fr/album/balcony-for-two/1563991070?i=1563991074&uo=4";"https://www.deezer.com/track/1349652382";"https://open.spotify.com/track/4uHzk0yedHAbFQhd32gvSJ"
"Jay-Jay Johanson";"Heard somebody whistle";"Heard somebody whistle";"2019";"29 MUSIC";1740715766;1740715946;"https://music.apple.com/fr/album/heard-somebody-whistle/1457113441?i=1457113595&uo=4";"https://www.deezer.com/track/651943932";"https://open.spotify.com/track/740zSgBv6PHOGAw04Ta2J2"
"Eumir Deodato";"Donatodeodato";"Whistle stop";"1973";"MUSE RECORDS";1740715944;1740716184;;;
"Joe Dassin";"Sous les pavés ...la plage / Les tubes de mai 68";"Siffler sur la colline";"1969";"WMD/FNAC";1740716186;1740716340;;"https://www.deezer.com/track/561690";"https://open.spotify.com/track/3gvUS6JaXzbXNihHQlRWBW"
"The Cupids";"Nippon girls: Japanese pop, beat & bossa nova 1966-1970";"Bazazz tengoku";"1968";"BIGBEAT";1740716341;1740716497;;;
"Vladimir Cosma";"BOF / Les aventures de Rabbi Jacob - Levy & Goliath";"Le grand rabbi";"1973";"LARGHETTO MU";1740716497;1740716653;"https://music.apple.com/fr/album/le-grand-rabbi/956534507?i=956534509&uo=4";"https://www.deezer.com/track/93115042";
"Black Lips";"Arabia mountain";"Familly tree";"2011";"VICE MUSIC";1740716656;1740716807;;;
"La Femme";"Mystère";"Où va le monde";"2016";"DISQUE POINTU";1740716806;1740717138;;"https://www.deezer.com/track/130689490";"https://open.spotify.com/track/6M2ZYgZ2cdu5oCHGI8wamV"
"Liam Bailey";"Zero grace";"Dance with me";"2024";"BIG CROWN RECORDS";1740717146;1740717371;;"https://www.deezer.com/track/2525488961";"https://open.spotify.com/track/1lGYIrfy4ulioJGYAjRD0h"
"Maribou State";"Hallucinating love";"Blackoak";"2025";"NINJA TUNE";1740717369;1740717657;;;"https://open.spotify.com/track/5Pip0HRc2xDEC3DdH1rPPU"
"Figub Brazlevic & Parental";"Métro-bahn";"Parlin-beris (super city)";"2024";"KREKPEK";1740717656;1740717805;"https://music.apple.com/fr/album/parlin-beris-super-city/1730393537?i=1730393538&uo=4";;
"Janet Jackson";"The velvet rope";"Got 'til it's gone";"1997";"VIRGIN";1740717803;1740718044;;"https://www.deezer.com/track/1939641337";"https://open.spotify.com/track/1EhvYd5e7vkoN3udEN1Vyl"
"Erik Truffaz Quartet";"The Dawn";"Free stylin'";"1998";"BLUE NOTE";1740718058;1740718241;;;
"Roy Hargrove";"Hard groove";"The joint";"2003";"VERVE";1740718240;1740718578;"https://music.apple.com/fr/album/the-joint/1443070852?i=1443070870&uo=4";;
"Jungle By Night";"Synergy";"Style de malade";"2024";"V2 RECORDS";1740718576;1740718844;;;
"Cousin Kula";"Vitamin D";"The sun";"2024";"RHYTHM SECTION ITNL.";1740718843;1740719028;;"https://www.deezer.com/track/2555455402";"https://open.spotify.com/track/0wNAQj2w4sVY7VzihW3wMG"
"Francois & The Atlas Mountains";"Age fleuve";"Party";"2025";"INFINE";1740719040;1740719213;;"https://www.deezer.com/track/3086380881";"https://open.spotify.com/track/7CdiF72pv8YbQI0qAW9ICX"
"Angelo Badalamenti";"B.O.F. / Mulholland drive";"Pretty 50s";"2001";"BLUE NOTE";1740719208;1740719388;;;
"Camillo Felgen";"BOF / Un petit boulot";"Sag warum";"1961";"MILAN";1740719385;1740719525;;"https://www.deezer.com/track/2156314597";
"Keltoum";"Keltoum";"Why why why";"2018";"KELMUSIC PRODUCTIONS";1740719524;1740719750;;"https://www.deezer.com/track/1830099687";"https://open.spotify.com/track/3m4aX9J0SDKLNAWUrA4qPf"
"Quiet Man";"Quiet man";"Sl33p";"2018";"SPINNUP";1740719754;1740719933;;"https://www.deezer.com/track/1950015077";"https://open.spotify.com/track/14Kylw7TxiMKhM7rGO2rDr"
"Claude Fontaine";"La mer";"Laissez-moi l'aimer";"2024";"INNOVATIVE LEISURE";1740719931;1740720082;"https://music.apple.com/fr/album/laissez-moi-laimer/1746125261?i=1746125385&uo=4";"https://www.deezer.com/track/2798637942";"https://open.spotify.com/track/3J94jGnoX1s4q34FyPNrOr"
"Jim Hall";"Jim hall & Pat Metheny";"The birds and the bees";"1998";"TELARC JAZZ";1740720081;1740720372;;;
"Theo Charaf";"Théo Charaf";"Wander boy";"2021";"WITA RECORDS";1740720377;1740720602;;"https://www.deezer.com/track/1163172152";"https://open.spotify.com/track/0qOTro6JwoQlMemvyOEjoD"
"Joan Baez";"Farewell, Angelina";"Farewell Angelina";"";"VANGUARD";1740720601;1740720792;;;
"Bee Gees";"Odessa";"Whisper whisper";"1969";"BEE GEES CATALOG";1740720791;1740720993;"https://music.apple.com/fr/album/whisper-whisper/1567146650?i=1567146658&uo=4";"https://www.deezer.com/track/143784836";"https://open.spotify.com/track/7MPMCtpkmI8r1IiJsjAdEc"
"Carlton Jumel Smith";"1634 Lexington avenue";"We're all we got";"2019";"TIMMION RECORDS";1740720991;1740721230;;"https://www.deezer.com/track/2643490992";"https://open.spotify.com/track/3qoWDfzpcp8qWAPNHI7KlH"
"The Bongo Hop";"La pata coja";"L'oubli mauve";"2024";"UNDERDOG RECORDS";1740721232;1740721560;;"https://www.deezer.com/track/2914895361";"https://open.spotify.com/track/7zHVCvcUyMiPyb2VM65hBo"
"Amanda Magalhaes";"Vai ouvir";"Vai ouvir";"2019";"WM BRAZIL";1740721561;1740721739;;"https://www.deezer.com/track/635124502";"https://open.spotify.com/track/745XaRBE6BZIIxGBdrQlGJ"
"Stevie Wonder";"Innervisions";"Don't you worry 'bout a thing";"1973";"MOTOWN";1740721739;1740722024;"https://music.apple.com/fr/album/dont-you-worry-bout-a-thing/1440806790?i=1440807415&uo=4";"https://www.deezer.com/track/2319300";"https://open.spotify.com/track/1QvWxgZvTU0w8rlPRE5Zrv"
"Ahmad Jamal";"The awakening";"The awakening";"1970";"IMPULSE";1740722022;1740722398;;"https://www.deezer.com/track/62347604";
"DJ Harrison";"Shades of yesterday";"Sweet sticky thing";"2024";"STONES THROW RECORDS";1740722397;1740722492;"https://music.apple.com/fr/album/sweet-sticky-thing/1702615891?i=1702616110&uo=4";"https://www.deezer.com/track/2411231905";"https://open.spotify.com/track/3Bm5njrUDplgK3ZVWnI2tA"
"Barbara Lewis";"The many grooves of Barbara Lewis (Remastered 2023)";"Windmills of your mind";"1969";"CRAFT RECORDINGS";1740722490;1740722723;"https://music.apple.com/fr/album/windmills-of-your-mind/1468025615?i=1468025618&uo=4";"https://www.deezer.com/track/699084092";
"Blanka";"Birds";"Higher levels (feat. Sara Lugo)";"2024";"NOWADAYS RECORDS";1740722720;1740722930;;;
"Cosmo Sheldrake";"Eye to the ear";"Stop the music";"2024";"TARDIGRADE RECORDS";1740722926;1740723084;"https://music.apple.com/fr/album/stop-the-music/1719117919?i=1719117922&uo=4";"https://www.deezer.com/track/2563434142";"https://open.spotify.com/track/5VgHeFm13uh9zwzbURD6KB"
"Mapache";"Swinging stars";"Home among the swinging stars";"2023";"INNOVATIVE LEISURE";1740723078;1740723300;"https://music.apple.com/fr/album/home-among-the-swinging-stars/1677840368?i=1677840616&uo=4";"https://www.deezer.com/track/2196649857";"https://open.spotify.com/track/3uVRVZVpXbXcdH9S5BY6PK"
"Derya Yildirim & Grup Simsek";"Yarin yoksa";"Yakamoz";"2025";"BIG CROWN RECORDS";1740723297;1740723524;"https://music.apple.com/fr/album/yakamoz/1784282312?i=1784282603&uo=4";"https://www.deezer.com/track/3025558951";"https://open.spotify.com/track/2PbHxB53utPpql48ZNVfPp"
"Lou-Adriane Cassidy";"Journal d'un Loup-Garou";"Je pars en vacances";"2025";"BRAVO MUSIQUE";1740723523;1740723719;;"https://www.deezer.com/track/3051805291";"https://open.spotify.com/track/6XTfTlhCD4S6HDON2ZLMpA"
"Nubiyan Twist";"Find your flame";"Lights out (feat. Nile Rodgers)";"2024";"STRUT RECORDS";1740723718;1740723956;;;
"Medline";"The edge";"The edge";"2025";"MY BAGS";1740723954;1740724130;"https://music.apple.com/fr/album/the-edge/1792831815?i=1792832309&uo=4";"https://www.deezer.com/track/3204814951";
"Them";"Bof : Girl, interrupted  (une vie volée)";"It's all over now baby blue";"1966";"BMG";1740724127;1740724353;;"https://www.deezer.com/track/579794352";
"Morcheeba";"Fragments of freedom";"Be yourself";"2000";"CHINA RECORD";1740724352;1740724544;"https://music.apple.com/fr/album/be-yourself/79671729?i=79671698&uo=4";"https://www.deezer.com/track/764125";"https://open.spotify.com/track/1nYuroLdp35I01UFOvQABT"
"Chris Acker";"Famous Lunch";"Wouldn't do for you (buddy)";"2024";"GAR HOLE RECORDS";1740724540;1740724729;;"https://www.deezer.com/track/2875040422";"https://open.spotify.com/track/7dTxZVehEmTlDH8fMn9G14"
"Woo";"A La Luna";"Innocenti";"2013";"";1740724726;1740724812;;;
"Malik Djoudi";"Vivant";"Dernier cri";"2024";"CINQ 7";1740724812;1740724995;"https://music.apple.com/fr/album/dernier-cri/1744390301?i=1744391065&uo=4";"https://www.deezer.com/track/2779552971";"https://open.spotify.com/track/2tpNX766wS2c4FCwHuJXQi"
"Benny Sings";"Here it comes";"Here it comes";"2021";"STONES THROW";1740724992;1740725187;;"https://www.deezer.com/track/1230623482";"https://open.spotify.com/track/5Y0kfJdXjZaHUe6W5C1EJ9"
"Eric Donaldson";"Trojan presents original reggae/40 original tighten up hits";"Cherry oh baby";"1972";"SANCTUARY";1740725185;1740725366;;"https://www.deezer.com/track/2299784265";
"Dom Peter";"Mandingo power";"Boubacar (feat. Mamoutou Diabaté & Samba Diabaté)";"2025";"BLANC MANIOC";1740725365;1740725553;;;
"Metronomy";"With balance";"With balance";"2024";"NINJA TUNE";1740725552;1740725730;;"https://www.deezer.com/track/2754333571";"https://open.spotify.com/track/3581zkJzluGgdfLkELdXk9"
"Cory Hanson";"Paper fog";"Paper fog";"2020";"DRAG CITY RECORDS";1740725727;1740725996;;"https://www.deezer.com/track/1144457992";
"Francois & The Atlas Mountains";"Age fleuve";"Rappelle-toi (feat. Rozi Plain)";"2025";"INFINE";1740725983;1740726127;"https://music.apple.com/fr/album/rappelle-toi-feat-rozi-plain/1778109772?i=1778110190&uo=4";;
"Felbm";"Tape 1 / Tape2";"Anderstein";"2018";"SOUNDWAY RECORDS";1740726120;1740726266;"https://music.apple.com/fr/album/anderstein/1611709364?i=1611709601&uo=4";"https://www.deezer.com/track/1666123242";"https://open.spotify.com/track/4zodTjMFaUBDFeLlrB5Q25"
"JJ Cale";"5";"Friday";"1979";"MERCURY";1740726263;1740726512;;;
"The Blind Boys Of Alabama";"Echoes of the South";"Friendship";"2023";"SINGLE LOCK RECORDS (ACQUISITION)";1740726506;1740726754;"https://music.apple.com/fr/album/friendship/1687564966?i=1687565317&uo=4";"https://www.deezer.com/track/2280828107";"https://open.spotify.com/track/5tzYjX0mtDHks2utIpNWIF"
"Marinero";"La la la";"Dream suite";"2025";"HARDLY ART";1740726752;1740726986;"https://music.apple.com/fr/album/dream-suite/1777538301?i=1777538306&uo=4";"https://www.deezer.com/track/3073648601";"https://open.spotify.com/track/1rqGes0oHiWQRoIhsWqcGo"
"Koki Nakano";"Ululo";"Sequel";"2024";"NO FORMAT";1740726979;1740727089;"https://music.apple.com/fr/album/sequel/1762850881?i=1762851460&uo=4";"https://www.deezer.com/track/2830417282";"https://open.spotify.com/track/7Moy9w3m17DjkKVMog6yBk"
"Leon Phal";"La loi du Love (feat. BRÖ)";"La loi du Love (feat. BRÖ)";"2024";"SONY";1740727089;1740727263;"https://music.apple.com/fr/album/la-loi-du-love-feat-br%C3%B6/1780314046?i=1780314463&uo=4";"https://www.deezer.com/track/3079208191";"https://open.spotify.com/track/55gmyJeXjvblcJfheIlSWY"
"Richard Wilson Avena";"Richard Wilson Avena";"Sippin absinthe";"2024";"LA PIERRE BRUTE";1740727262;1740727398;"https://music.apple.com/fr/album/sippin-absinthe/1783372558?i=1783373035&uo=4";"https://www.deezer.com/track/3124298561";"https://open.spotify.com/track/7KMJDN8RDH54GAw0SfVMnK"
"Blind Faith";"Blind faith";"Can't find my way home";"1969";"POLYDOR";1740727397;1740727594;"https://music.apple.com/fr/album/cant-find-my-way-home/1440835850?i=1440835856&uo=4";"https://www.deezer.com/track/927766";"https://open.spotify.com/track/107K6xieSp2ihzoA2vTv2q"
"Lawne";"Attic";"Selva";"2024";"WAH WAH 45S";1740727590;1740727927;;"https://www.deezer.com/track/3064712681";"https://open.spotify.com/track/3hK2TscdyHihdUMqH2dNxW"
"Alsarah & The Nubatones";"Seasons of the road";"Men ana";"2025";"SOUNDWORKS";1740727923;1740728210;"https://music.apple.com/fr/album/men-ana/1796584823?i=1796584827&uo=4";"https://www.deezer.com/track/3230049941";"https://open.spotify.com/track/578NdqxGQcOn1Rlkbe7NZZ"
"Natacha Atlas And The Mazeeka Ensemble";"Ana hina";"Black is the colour";"2008";"WORLD VILLAG";1740728195;1740728391;;;
"Ashley Henry";"Who we are";"Who we are";"2024";"NAIVE";1740728390;1740728607;"https://music.apple.com/fr/album/who-we-are/1720917938?i=1720917942&uo=4";"https://www.deezer.com/track/2581801762";"https://open.spotify.com/track/4EuA15oUDRjaldeYddo7sH"
"Sonny Rollins";"Jazz dispensary : The golden hour";"Newkleus (remastered 2024)";"1976";"CRAFT RECORDINGS";1740728602;1740728910;;"https://www.deezer.com/track/3014899441";
"The Doobie Brothers";"Long Train Runnin'";"Long train runnin'";"1973";"";1740728907;1740729113;"https://music.apple.com/fr/album/long-train-runnin/1110961242?i=1110962145&uo=4";"https://www.deezer.com/track/3616544";"https://open.spotify.com/track/4nXkbcTj3nyww1cHkw5RAP"
"Margo Price";"Like someone I know : A celebration of Margo Guryan";"California shake";"2024";"SUB POP RECORDS";1740729109;1740729327;"https://music.apple.com/fr/album/california-shake/1754422482?i=1754422767&uo=4";"https://www.deezer.com/track/2867231042";"https://open.spotify.com/track/1GEkjewOUHZST2LHvvX1Q1"
"Bel Air De Forro";"Sertao de mar";"Elle danse";"2019";"MADAME BOBAGE";1740729323;1740729517;;"https://www.deezer.com/track/684961022";"https://open.spotify.com/track/4My5AGGnAlGCBmvEfacyxE"
"Leon Cardona Y Los Internacionales";"Super disco pirata / De Tepito para el mundo 1965-1980";"La noche";"2024";"ANALOG AFRICA";1740729517;1740729647;"https://music.apple.com/fr/album/la-noche/1767427863?i=1767427874&uo=4";"https://www.deezer.com/track/2995265971";"https://open.spotify.com/track/5ZtRLR9A2tKtPV4ZwTnOxq"
"Bralan Arias";"LTDBLBL017";"Cerros orientales";"2024";"WHITE LABEL RECORDS";1740729647;1740729928;"https://music.apple.com/fr/album/cerros-orientales/1784397810?i=1784397814&uo=4";"https://www.deezer.com/track/3133961901";"https://open.spotify.com/track/4OF7Qvu3EmVpX9EmaGVjGg"
"Jay-Jay Johanson";"Whiskey";"Mana mana mana mana";"1997";"BMG";1740729926;1740730240;;"https://www.deezer.com/track/1052146";
"Etienne Daho";"Eden";"Timide intimité";"1996";"VIRGIN";1740730240;1740730356;;;
"Duo Solea";"Le duo Solea interprète Ravel Granados Fauré....";"Pavane en fa dièse min op 50 - arrangement pour guitare acoustique et violoncelle";"2018";"PASSAVANT";1740730356;1740730699;;;
"Gal Costa";"Legal";"Falsa baiana";"1982";"PHILIPS";1740730698;1740730830;;"https://www.deezer.com/track/529385511";
"Horsegirl";"Phonetics on and on";"Julie";"2025";"MATADOR";1740730828;1740731101;"https://music.apple.com/fr/album/julie/1775962947?i=1775962994&uo=4";"https://www.deezer.com/track/3199344101";"https://open.spotify.com/track/6Lbl8SzHxHO2P3BjMgW5HZ"
"BadBadNotGood";"Sour Soul (Instrumentals)";"Gunshowers (Instrumental)";"2017";"LEX RECORDS";1740731100;1740731283;;"https://www.deezer.com/track/1597661302";
"Danger Mouse";"Rome";"Problem queen";"2011";"PARLOPHONE";1740731279;1740731433;;;
"Dean Martin";"Forever cool";"King of the road";"1966";"CAPITOL";1740731431;1740731625;;"https://www.deezer.com/track/74530073";
"The Chantels";"The answer to everything / Girl answer song of the 60s";"Well I told you (Hit the road Jack)";"1958";"ACE";1740731576;1740731720;;;
"Roger Newman";"BOF / On the road";"That's It";"2012";"VERVE";1740731719;1740731887;;;
"Juliette Greco";"Jolie môme 1959-1963";"La recette de l'amour fou";"1960";"PHILIPS";1740731886;1740732002;;"https://www.deezer.com/track/1090403582";
"Beck";"Midnite vultures";"Sexx laws";"1999";"GEFFEN";1740732001;1740732218;"https://music.apple.com/fr/album/sexx-laws/1440664011?i=1440664012&uo=4";"https://www.deezer.com/track/102654684";"https://open.spotify.com/track/1ELY3KTgI83N1k0xXqabMe"
"Easy Star All-Stars";"Ziggy stardub";"Suffragette city (feat. The Expanders)";"2023";"EASY STAR RECORDS";1740732215;1740732435;"https://music.apple.com/fr/album/suffragette-city-feat-the-expanders/1665199224?i=1665200259&uo=4";;
"Bojan Z";"Xenophonia";"Ashes to ashes";"2006";"LABEL BLEU";1740732432;1740732714;;"https://www.deezer.com/track/67655744";"https://open.spotify.com/track/2YKoNZCAT7WOHiXgPOn13v"
"David Bowie";"Blackstar";"Girl loves me";"2015";"ISO RECORDS / COLUMBIA";1740732713;1740733003;;"https://www.deezer.com/track/2182347917";
"Houari Benchenet";"Rani M'dammar";"Rani m'dammar";"1993";"VOTRE CULTURE";1740733001;1740733356;;;
"Ennio Morricone";"My name is nobody";"My name is nobody";"1973";"EMI";1740733353;1740733542;"https://music.apple.com/fr/album/my-name-is-nobody/1021707564?i=1021707936&uo=4";"https://www.deezer.com/track/1815388017";"https://open.spotify.com/track/67lJCAZnpvXrhSclSZ2OkO"
"Alain Souchon";"La vie théodore";"Et si en plus y'a personne";"2005";"VIRGIN";1740733540;1740733789;"https://music.apple.com/fr/album/et-si-en-plus-ya-personne/714770058?i=714770365&uo=4";"https://www.deezer.com/track/3371738";"https://open.spotify.com/track/3Cgwrk8TUcu03H8HwFp3qK"
"Marianne Faithfull";"Kissin time";"Nobody's fault";"2002";"VIRGIN";1740733787;1740734174;;;
"E.S.T.";"Seven days of falling";"Did they ever tell Cousteau";"2003";"ACT";1740734170;1740734533;;;
"Maribou State";"Hallucinating love";"Blackoak";"2025";"NINJA TUNE";1740734532;1740734820;;;"https://open.spotify.com/track/5Pip0HRc2xDEC3DdH1rPPU"
"Moby";"Play";"Porcelain";"1999";"MUTE RECORDS";1740734819;1740735059;"https://music.apple.com/fr/album/porcelain/1436695379?i=1436695385&uo=4";"https://www.deezer.com/track/143035440";"https://open.spotify.com/track/6EXi6ZqTITKGtVBKqbphjL"
"Helene Grimaud";"Hélène Grimaud : Perspectives";"Orphée et Eurydice : Ballet des ombres heureuses (Acte II) - arrangement pour piano";"2017";"DGG (DEUTSCHE GRAMMOPHON)";1740735058;1740735284;;;
"Joanna Newsom";"Divers";"Waltz of the 101st lightborne";"2015";"DRAG CITY";1740735276;1740735594;"https://music.apple.com/fr/album/waltz-of-the-101st-lightborne/1027500473?i=1027500481&uo=4";"https://www.deezer.com/track/477781832";
"Melingo";"Oasis";"Esta vivo";"2020";"BUDA MUSIQUE";1740735589;1740735833;;;
"Edith Piaf";"La foule";"My lost melody ( je n'en connais pas la fin )";"1956";"EMI";1740735832;1740736113;;;
"Vincent Peirani & Emile Parisien";"Belle époque";"Hysm";"2014";"ACT MUSIC & VISION";1740736112;1740736505;"https://music.apple.com/fr/album/hysm/839480146?i=839480300&uo=4";;
"Jenny Hval";"The practice of love";"Thumbsucker (feat. Félicia Atkinson)";"2019";"SACRED BONES RECORDS";1740736180;1740736432;"https://music.apple.com/fr/album/thumbsucker-feat-felicia-atkinson/1468366932?i=1468366939&uo=4";;
"Mereba";"The breeze grew a fire";"Phone me";"2025";"SECRETLY CANADIAN";1740736428;1740736599;"https://music.apple.com/fr/album/phone-me/1771508964?i=1771508978&uo=4";"https://www.deezer.com/track/3024236091";"https://open.spotify.com/track/7lbbOGDYKIqpcWHdJlfvqJ"
"Kate Bush";"The whole story";"Babooshka";"1980";"EMI";1740736599;1740736805;"https://music.apple.com/fr/album/babooshka/696884485?i=696885631&uo=4";"https://www.deezer.com/track/3127829";"https://open.spotify.com/track/53Mz9H5UvWMQUXHZnaZYKQ"
"Le Club";"Un fait divers rien de plus";"Un fait divers rien de plus (re-mix)";"1982";"VOGUE";1740736803;1740737045;;;
"La Roux";"Trouble in paradise";"Tropical chancer";"2014";"POLYDOR";1740737043;1740737251;"https://music.apple.com/fr/album/tropical-chancer/1440850506?i=1440850712&uo=4";"https://www.deezer.com/track/81201786";"https://open.spotify.com/track/16CiZUohyBovSKRH1tCRtf"
"Pachyman";"Switched-on";"Trago coqueto";"2023";"ATO RECORDS";1740737251;1740737432;"https://music.apple.com/fr/album/trago-coqueto/1693921971?i=1693921983&uo=4";"https://www.deezer.com/track/2338577775";"https://open.spotify.com/track/54SKhrxbRKvXuB3C3SGGoC"
"Woodfield Rd Allstars";"Big Shot / Soul shakedown";"Soul shakedown";"2024";"ORIGINAL GRAVITY";1740737431;1740737646;"https://music.apple.com/fr/album/soul-shakedown/1764871004?i=1764871006&uo=4";"https://www.deezer.com/track/2962007361";"https://open.spotify.com/track/1BILH4OxdFpNx7YAI4b1zg"
"The Staple Singers";"The Stax story";"I'll Take You There";"1972";"STAX";1740737641;1740737833;"https://music.apple.com/fr/album/ill-take-you-there/1443188463?i=1443188895&uo=4";"https://www.deezer.com/track/1089521";"https://open.spotify.com/track/7sxTjnPqokxnHlLrZorBK7"
"Mac Demarco";"This old dog";"Baby you're out";"2017";"CAPTURED TRACKS";1740737824;1740737979;"https://music.apple.com/fr/album/baby-youre-out/1198763583?i=1198763620&uo=4";"https://www.deezer.com/track/347015781";"https://open.spotify.com/track/6IvKEu4YwRYba9ZG6H7MIL"
"Flight Of The Conchords";"Flight of the conchords";"Foux du Fafa";"2008";"SUB POP";1740737975;1740738140;"https://music.apple.com/fr/album/foux-du-fafa/278064216?i=278064257&uo=4";"https://www.deezer.com/track/1137190232";"https://open.spotify.com/track/0ws73KuD7D3Huy70hLl7xq"
"Coleman Hawkins";"Desafinado";"I'm looking over a four leaf clover (jazz samba)";"1997";"IMPULSE";1740738137;1740738306;;;"https://open.spotify.com/track/1wqrfKgBPtCHITqSwwXcxf"
"Nat King Cole";"The world of nat King Cole";"L-o-V-e";"1964";"CAPITOL/EMI";1740738305;1740738457;;"https://www.deezer.com/track/3158377";
"Tamasene";"Hangin’ in or hangin’ out";"Same shit";"2025";"NICE GUYS";1740738455;1740738653;;"https://www.deezer.com/track/3181680821";"https://open.spotify.com/track/57P08Mg353kio7YGWJAajB"
"Herman Dune";"Petaouchnok";"Bear bear bear";"2022";"YAYA TOVA";1740738651;1740738896;"https://music.apple.com/fr/album/bear-bear-bear/1652947398?i=1652948470&uo=4";"https://www.deezer.com/track/1998666427";"https://open.spotify.com/track/0aVy1Li1Fo6ucVTL1mz7Xc"
"Linda Lewis";"Fathoms deep";"Goodbye Joanna";"1973";"COLLECTORS CHOICE MUSIC";1740738891;1740739082;"https://music.apple.com/fr/album/goodbye-joanna/257837255?i=257837611&uo=4";"https://www.deezer.com/track/572593332";"https://open.spotify.com/track/3SHrmqqGjQzJsIfo8NIb2P"
"Virginie B";"Hyperboi";"Hyperboi";"2024";"BONSOUND";1740739075;1740739297;"https://music.apple.com/fr/album/hyperboi/1788350659?i=1788350672&uo=4";"https://www.deezer.com/track/3168597311";"https://open.spotify.com/track/1UY7sWSAoSevOwpflDdxLG"
"Louis Cole";"Time";"Freaky times";"2018";"BRAINFEEDER";1740739297;1740739494;"https://music.apple.com/fr/album/freaky-times/1402544164?i=1402545774&uo=4";"https://www.deezer.com/track/520443682";"https://open.spotify.com/track/36vKmkJMLUoivd7tk7k9KU"
"Dave Hamilton";"Compil./The Detroit funk vaults/1968-1979";"Party Time";"2012";"BGP RECORDS";1740739493;1740739776;"https://music.apple.com/fr/album/party-time/1621422294?i=1621422921&uo=4";"https://www.deezer.com/track/1734202547";"https://open.spotify.com/track/6AqM9AjTEgMwen4o50SrjT"
"The Zombies";"The EP collection";"She's not there (stereo version)";"1964";"SEE FOR MILES RECORDS";1740739769;1740739911;;;
"Kate Bollinger";"Songs from a thousand frames of mind";"Sweet devil";"2024";"GHOSTLY INTERNATIONAL";1740739910;1740740107;"https://music.apple.com/fr/album/sweet-devil/1744619223?i=1744619505&uo=4";"https://www.deezer.com/track/2782249502";"https://open.spotify.com/track/1uWTXKVh7bx6s6HY653eme"
"Arturo Benedetti-Michelangeli";"Debussy: Images 1&2 - children's corner / Benedetti michelangeli";"Children's corner pour piano : 5. The little shepherd";"1971";"DGG (DEUTSCHE GRAMMOPHON)";1740740102;1740740245;;;
